79.05625296912562
79.70843639738044
80.34597784699257
78.85488711687182
81.43096675119648
82.49765758344577
79.09922070782422
83.9998083767519
84.22554497614698
94.4330344290008
94.69472684069586
79.3219884622302
95.16828782910109
79.54940322676052
94.60721790401963
95.85272683612395
85.9226799396472
94.98919938006776
96.74590800639969
79.9731079954176
80.19705498012482
95.79559680116654
97.84466949666434
88.24710981398754
88.46484386820721
81.03209497243834
99.1449677830763
81.25136890635649
99.36448369662011
97.01343293535119
97.23078253110582
100.85955773675244
101.07673257852268
91.16369044077143
91.37596436818171
82.68527607096514
91.58776403270868
82.89819471536818
98.839086202305
99.05242414498063
102.97550634387744
103.18984054117472
85.08309750944505
85.28766068507576
105.47780176500945
85.49166917846183
101.86183382868244
105.68891039225187
102.06919468900654
96.4698739202837
96.67208585177681
96.87388476650513
97.07527265075616
108.76527297361545
108.97235517346853
109.1791730672838
89.29137108511452
89.48289925276077
89.67392866862718
113.60575088143406
113.80738081476795
114.00878464215104
105.18499541338763
105.3702420463181
105.55514175678677
105.73969554265261
109.38177849915787
109.85354779914583
110.31274538271187
109.08337382596692
110.94735120528223
108.7711395211674
111.57003273528369
108.8124202368567
112.55706569432706
108.65323080442705
112.93230818543303
113.34428958135766
108.8393873537719
114.49508333413763
111.14740958281736
109.18169013071625
110.80965924282673
114.607327537227
98.1231866725033
114.36109032399689
98.29228057618555
112.19568475106009
115.39521661047738
98.46094885431087
109.14563307481507
110.81529396623564
109.32184470165734
109.4977235937323
114.64840129693113
110.97865825686804
116.72565376695826
111.15483777000676
113.7721936934508
116.90987117278885
113.95142480450397
111.46783067799733
115.63281828254848
111.64141618948759
115.81202239784979
118.41004667664069
118.59319718302494
116.39894984291726
116.57547446527872
112.43725557180937
116.75171950736527
124.5852243036215
124.77615554396448
102.66948039101487
120.62444216414741
124.96692806959906
102.82944814630903
120.80592476360476
113.52201156021128
113.68797828703872
105.47663520237596
123.35569015852192
105.6319379788044
123.53499620554169
105.78684634129084
123.71408228943605
128.39699108840293
128.58436243297123
128.77159164406433
115.19266541029332
119.3119499518495
107.76607578417247
115.3532105024554
122.54402881295316
107.91807150611749
115.51342280226679
119.97671878690107
120.52149675257186
120.68788049307364
123.22969844073354
120.85397724230933
123.87124612671315
109.41971169268719
123.08620996111462
124.04270839523866
109.57005852339735
120.0762325995824
123.25552948176642
120.23957688864104
130.6334360058686
130.8185001393744
110.90813259198148
121.84452480230787
124.89628832174282
122.00860923722978
125.06625794706106
122.17240553531255
124.26594454080274
125.23597869350449
112.08679619175224
121.21334332600406
124.43342919841243
121.37458584884669
124.60065128323134
128.1705022097317
113.10747233395975
115.21527304726074
121.5355271700245
128.34534363593576
113.9701868991559
114.67363891506585
128.51997805746925
131.9002732025595
128.69440559514135
128.86862635721093
115.96820447290708
116.11771852215136
132.58580151717496
116.26687437301835
118.60073997181809
118.75160556316692
133.06326925801721
118.90212631756914
131.7417613135287
119.05230177711617
119.20213146888344
126.39283776683577
132.42897621893144
133.3359913552137
126.55498794624094
132.92549905963577
133.22879334231055
126.71686410892869
126.87846581854004
123.78072220535452
123.93476965314744
124.08850104106025
124.24191575741692
124.39501317394468
124.54779264570527
134.19419597255495
134.36806089828323
134.54175179579784
118.59800486785883
128.79609712354136
118.73818386758995
128.9540835152283
118.87798821036125
129.1117875474643
128.14704275469146
129.26920852241938
128.30172329282993
129.42634572384333
128.4561048293412
129.5831984169303
128.61018656831513
128.7639676952702
128.917447377031
129.07062476160414
129.22349897805213
128.1854945742309
129.37606913636603
129.52833432733618
131.22679331869213
129.68029362242135
131.92476841282317
129.83194607361636
132.08165880172302
128.16466030134853
129.9832907133178
128.31183880696688
130.13432655418865
128.45868708315984
130.28505258902058
130.4354677905954
130.58557111154443
124.22354266906748
130.1342999468781
130.73536148420646
124.36048141743402
130.28244106662945
130.88483782048428
136.65825659175732
124.49704615170648
131.0339990116994
136.82262537984758
124.63323581196681
131.18284392844558
136.98677559577115
124.76904932235826
137.1507065759824
132.65920347770304
132.80987733975184
134.48934048476397
129.2641006931717
132.96024553176343
134.6439902760724
129.40591261256907
133.11030684981708
134.79835871723378
129.54737418736568
134.9524446722098
129.68848413864058
129.82924116774385
136.47750051707916
136.62839728122464
141.9119632953994
123.25948200751623
136.7789960317263
142.07969622443846
123.38248652369668
142.24725667040548
123.50507408993585
142.414644115123
123.62724349724601
132.29446248614275
142.58185802019113
123.74899352359012
132.43156595741317
142.7488978266436
123.87032293391557
132.56830062864867
140.20803627685214
142.91576295459498
123.99123048018939
140.36504191067633
143.0824528028791
124.1117149014344
140.5217933228591
143.24896674867838
124.23177492376678
143.41530414714373
124.35140926043508
128.8999224037969
133.1115180567289
143.58146433100487
129.02640507304486
133.24638358969568
135.2168254782452
135.8512225271604
143.74744661017084
133.38087011020164
143.91325027132035
136.27216175125406
135.77098613766793
137.04092153986736
135.25494913177667
137.94287257329717
134.85812939290918
129.27599944748775
142.22886979478005
128.63985409980626
138.9808102087922
130.26847035867112
134.57389173486717
139.72593686707708
143.05389741009503
134.0096281746166
139.86989678470056
136.8616015609535
137.51550689971248
128.34474708102047
131.37807139360604
136.32960823257338
138.29601801409797
144.02566750160602
131.5000535259363
140.29974742237744
134.52179433250168
136.04397758960997
139.34555512550818
131.86341688224937
145.14722393702505
146.5411377435939
131.98367065874456
134.18610613092318
145.30409944714137
146.7037710394924
128.25106681933573
134.31032414045606
146.86620837042184
128.3638332389058
134.43411523051432
140.52944464721045
147.02844848832612
126.87290202701189
135.98809465707177
140.66807364471714
147.1904901111478
126.98236155651352
147.35233192213343
127.09136078596973
147.51397256912142
127.19989812419952
146.73633903933097
147.6754106638113
127.30797196875017
147.83664478101417
127.41558070598603
147.99767345788393
127.52272271117928
148.15849519312872
127.62939634860342
148.31910844620185
127.73559997162891
127.84133192282155
128.76403169298135
136.50288460830384
142.67534631235057
128.87000814615072
136.62297893509657
142.81174204790787
128.97550872137865
142.94774893951455
148.95363400609514
149.11027249500071
149.26666544684886
133.73169208582854
133.1536497343326
133.94766515148024
133.25949438983568
147.5701499912247
148.1591441371513
147.71245311983677
133.57405685139702
147.8543912930689
148.44812098790058
149.02656338459127
129.56495309272987
133.67791306630647
149.17295228282367
129.66189986909555
144.9391132663328
129.7583415794523
145.06847414125158
129.85427637502733
145.19739083059898
129.94970239893962
149.75510682317656
149.8997776966609
134.49047227181063
149.7307031929342
133.76900785509068
134.5897210942091
149.8713392515007
133.86636484803995
134.68844628038383
139.47148298553344
133.9631962284395
139.5789443965732
134.0594997014725
139.685881017442
150.4299524756553
150.56860186297624
135.17413375600023
146.00093130999605
135.26966661780386
146.12145602887438
135.36465890288267
150.47690131152265
131.31875463097288
141.20576778563998
131.40578181902472
141.31014036465768
131.49226759679945
145.98535194769488
131.57820999222642
131.6636070287571
136.75668668413525
142.4058367825918
151.14147710660004
131.74845672559022
135.17311583553231
136.84922898546068
145.69364664298698
143.49994737562398
145.0444744139619
150.85715193117625
144.38229584543527
150.98444592151685
137.2137483592766
137.30345235875822
151.4884814865702
151.6131770959087
155.57554056748674
138.4981905021387
155.7184005095997
138.58642392772413
151.14929653904173
151.2695671627068
133.6807273012405
133.75882654788472
138.93340651995962
133.83634444463993
139.01864989385987
151.74491758075038
139.10328653519719
139.94947329408927
151.8622915172149
151.23747420074614
156.8459460621724
156.98487526142452
157.1233339504019
134.28912447613533
134.36251342685958
141.30286907849333
151.0338480282226
134.43530403455026
142.48271202628695
157.39025665790624
142.56494974306054
150.77938064652545
157.52076245456175
135.68188971610238
140.93408207754217
157.65069417330392
135.7521416302141
141.01197815107773
135.82177470426052
141.0892204334551
143.6596416078918
150.28177895660605
152.76648219343252
152.87061999863627
158.16450014536616
144.75312313630423
149.75678269728687
152.97404362552587
158.29142481740107
158.41771948222285
136.160579912762
145.76457286134547
149.1166701493488
136.22645347659912
146.6932071475903
147.5358012971775
148.3733338113094
158.2864127576112
137.3839398781299
158.40464168099032
137.44768485097103
142.91262081595912
142.98175288646152
158.87017873690334
143.05017566210478
158.9846623970437
137.75657696013718
137.81637301291184
158.52503523067963
138.83999932961547
153.68806684159554
158.63234161708047
138.89883047487746
153.77550491917117
159.05301524992592
139.12731751110934
159.1559857652381
139.18271836055953
140.14729330126437
158.52376414556363
140.2023283269719
158.6202437126598
144.82988473029226
144.8885519979395
140.41536957199486
158.99662967886866
140.4668434337293
148.5850274929093
149.47406863331778
152.1263672673678
159.08828303987596
141.4315383721592
153.07676990064
153.95569798701325
158.31463575522957
151.37822636331586
154.02820989676164
147.87240937111628
154.09978209411594
143.40832932387153
147.9303913657367
141.6312332965666
158.65335076167645
141.67930683922089
142.5955590444754
143.50934005347025
157.8528699999913
158.73543426792514
150.79969963656265
156.15617011872394
157.93080534228017
150.85886600987538
153.54930352562852
153.6130113876725
156.2980263437342
142.78424518334057
143.70209351641464
144.6177680214749
146.4429665141072
147.35267689817667
142.82950478562162
144.66504635375716
146.49249451062914
147.40342800555928
157.3339830513945
158.23190197739936
155.60199839436893
153.85809358560428
147.55059207933772
153.9168952794141
143.92544336580252
147.597939047922
156.69855444703023
157.60673709412825
155.85142568898692
153.17527422034655
153.22830482615464
155.96978726220655
145.01431191909938
145.93718217253007
147.77870019690243
156.02735412710192
156.9440352850632
145.9781301474842
147.8217177472586
155.16589010771347
155.2193495710085
148.8273858723694
153.43038438283384
156.19351205329303
153.47836717177597
152.60220732859662
146.1702398168472
152.64669872575504
155.42242223519344
146.2061181419334
148.98775575114706
155.47046798883454
149.95250188129586
151.84600091117167
152.77410971110314
154.63239988909055
150.95624872217385
154.67558352135396
147.27251832078431
150.06344589476592
147.30490188735524
151.06457590263142
151.99681829467642
154.83741395490676
154.87512103754173
147.42556506776586
147.45350216695877
154.00710068876128
154.0403027607066
148.4694968374205
148.49448617166942
154.16219484605762
154.1899208669085
153.27127410390145
148.58516287919684
148.60550289767065
149.5467686541369
149.5667135855728
152.4170689775525
153.36348944807506
153.38383856159345
150.56462921448195
151.50939480183465
149.63685793367026
152.4895527468821
150.6113071222296
151.5714630991676
