75.09908480473827
74.23336270678544
73.37102348220876
75.80714548586378
72.34704081656496
71.32586950083474
76.36607174900755
70.1452700006841
70.06502816494218
50.38709346635877
49.61361157614176
76.93963260275464
48.73615057548672
76.8647116191712
50.9563453306273
47.75139454386757
68.81131589495715
51.434587445563736
46.656590028243095
77.38310019612713
77.31160561218954
51.72922185350115
45.44939995065255
67.33383251611716
67.25814345726486
77.71669345669412
44.127735398287676
77.64960520541747
44.01668786186179
51.85730599525043
51.76186661245554
42.57815582743251
42.46694340312187
65.65327714180341
65.58122291782334
77.90460017877429
65.50957560232956
77.84335927573387
51.74849068920095
51.65743243188479
40.79801654201084
40.68681194643305
77.9444845883302
77.89095796116793
38.78439290744269
77.83791150591173
51.186798303948486
38.67325247433728
51.10195607985484
63.20440510424698
63.14044861685433
63.07688424934494
63.01371190506237
36.31068762091622
36.199796202411434
36.08903440708575
77.67037856113544
77.62921031087272
77.5885127234377
32.92663264537027
32.816238731462114
32.70594011352201
60.71626922428794
60.6701533601809
60.62444532868584
60.579145928233764
54.671425805513316
53.70664429966095
52.741515228241106
55.58418120962953
51.71746928041237
56.500056617245036
50.6899084298393
57.32511128493207
49.53598121201332
58.20626876702452
49.414455001422354
48.43536619196276
59.01167591759571
47.20062254102301
55.89272442181971
59.797300156136984
56.838542972836045
48.884379491127156
76.20564778553849
49.82700026339326
76.18756883791964
54.76726187735259
47.767919938477974
76.16996883958402
60.674825727389674
57.707520267567155
60.64071301867573
60.607038882859975
50.61776369743486
58.55238704095346
46.46394428239661
58.51689160053369
53.49852911109267
46.40469026172353
53.45454498430034
59.35111260602531
51.241971653627026
59.319872821648445
51.195946856034276
45.025234921197345
44.965917061638336
51.96401096641358
51.92289079963242
60.10298348670496
51.88218304164589
26.86505362037465
26.75854559070073
74.94441219720618
43.390305919546215
26.652080453232543
74.93682883941665
43.331742445562654
60.897886994242846
60.87866869188234
73.90465473292642
41.56194440458818
73.90285293794366
41.50494384226345
73.901560674771
41.44827971869688
25.71944675148589
25.61725283314015
25.51510648469511
61.72060330315219
54.289615155127585
72.91816011109262
61.709940759418835
47.70256898955418
72.92072231265242
61.69979526574683
54.19970386979392
53.11041355179036
53.08702948513128
47.55855791075162
53.064135406328475
46.40229861276922
71.94061081855499
48.60901343118938
46.36517647405604
71.9454959424988
55.210247743119396
48.57760806713132
55.19307706908831
25.532453747597337
25.434771724276324
70.96043898704183
52.937201076997354
46.18618320826796
52.91780771601971
46.15172591498551
52.89892491953865
48.39898772742087
46.11772185661415
69.96418991845184
55.10090502512569
48.37087775354817
55.08737590285238
48.343249365911916
39.069539467007736
68.95409832674561
65.84335060132648
55.07437754689974
39.018167593795205
67.92941652199761
66.89139450204438
38.967164569406435
25.928078537877695
38.91653274435529
38.8662745048169
65.86905814264954
65.87588508179152
26.66427347486855
65.8832788275516
62.6981156662567
62.70314140398765
27.532548940953518
62.708744566978744
33.589008651966914
62.71492766084622
62.721693211016415
49.184179410691485
32.22931208374918
28.51856577181978
49.166867528067655
30.922671026335372
29.681229618093486
49.150096341293896
49.13386923025874
56.076941984080996
56.07668959336574
56.07703153301652
56.077971040043444
56.07951138111718
56.08165585269911
32.74770791018841
32.69004646877733
32.63272222789263
67.24971865922484
48.98286541926255
67.2713216966483
48.97403676556947
67.29354224439139
48.96580368589591
51.38326732956194
48.958170171259624
51.38166445604727
48.95114025627998
51.380684248029254
48.94471801954921
51.38033070445317
51.38060786456012
51.38151980816538
51.383070655936805
51.38526456967332
53.81543014915661
51.38810575258342
51.39159844956338
47.66428835058777
51.395746947475466
46.39367325500406
51.40055557542544
46.386749627346305
55.06054104822357
51.40602870503986
55.07401285011617
51.412170750742504
55.088167993899525
51.418986170030244
51.426479463748066
51.43465517636278
63.346513513541574
52.68563613406234
51.44351789623585
63.376095378944065
52.697793589940446
51.45307225589495
37.00817583242426
63.4063668910865
51.46332293230369
36.978949004845376
63.437331306851
51.474274647130215
36.95026333226814
63.46899190097833
36.9221236992317
48.950572262717394
48.95793534852549
45.03392600774517
56.490591427144594
48.9660077419226
45.03212636022244
56.514723500092536
48.97479463939511
45.03101181123448
56.5395903284444
45.03058786644487
56.56519631884108
56.59154591090905
45.06558966587543
45.07314458278032
29.10036961752065
69.777079697745
45.08146137155023
29.054120642440868
69.82694158092242
29.008325102348273
69.87752046873563
28.96298788412635
69.92881904106508
55.74465605780906
28.91811396144938
69.98083998228208
55.77975868936967
28.87370839647472
70.03358598096088
55.81567948014761
37.93712558228486
28.829776341574657
70.08705972958477
37.92820034083566
28.786323041107835
70.14126392424673
37.919991123736246
28.743353833231787
70.19620126434431
28.700874151757652
70.25187445226827
63.36654417038837
55.96764868068473
28.65888952804763
63.41704319313832
56.007738919502586
52.08617212673954
50.74512884329239
28.61740559295695
56.04867903229015
28.57642807882089
50.83981666764171
52.2255680608004
49.5026292156458
53.59983048607047
48.170503092956935
55.00613880642003
65.04237628718697
37.87906414513848
66.27951885968022
46.83742687551171
63.96692186045164
56.456289195486846
45.41818796312717
36.316771167243004
57.80295619382467
45.444098431485706
52.54718445048178
51.171998301999736
67.69505368246661
62.934359938140595
53.949771944855804
49.81543147517929
34.709210953541806
62.99525355601359
45.527385403558974
58.019167955659896
55.44226105919891
48.50819215314377
63.18319233095767
33.042694797909334
27.994765494629636
63.24760584553682
59.48276315657414
33.032944544350336
27.963383157695205
69.25447631001036
59.543704551750466
27.932630345591093
69.32517900728224
59.605581460437946
47.20613538377926
27.902515165751367
71.66833932372501
57.05454807993255
47.245494948384085
27.873045878341042
71.74168461041255
27.84423089950989
71.81583058298834
27.81607880472509
71.89077989927875
31.27784566632569
27.7885983321844
71.96653520977948
27.761798386311803
72.0430991571669
27.73568804133812
72.12047437580243
27.71027654496815
72.19866349122944
27.6855733221372
72.2776691196635
72.35749386747518
71.30578632164354
59.035661989213025
46.167005544106836
71.38697234711634
59.10759276801311
46.214081520697846
71.46900280200116
46.26226879266804
29.379712285059032
29.369796097982064
29.36075362235189
66.13959142909133
67.5373902658781
66.31418372434675
67.6267484306059
38.49799356340365
36.726998516679714
38.534771849649744
67.90059107213459
38.57276683499044
36.78862621855874
34.97099566185598
73.84230666698592
67.9938071631253
34.99644198881305
73.93730674799637
47.12557333389804
74.03317285930751
47.19299003496322
74.12990729092031
47.26170430640206
74.22751231051102
35.11023225273094
35.14175899672834
68.77490218249618
37.12734298332705
70.08564019726732
68.87701443503283
37.17149146553361
70.18890329661224
68.98013315658143
61.25436826404967
70.29315018203351
61.35489870420612
70.39838401173195
61.456612395496805
37.36188368923029
37.413018565829496
69.51094605484704
49.83886739184337
69.62017656433964
49.929165316289094
69.73043760567641
39.54596439208613
75.7975239303574
60.816786621750346
75.90934588367229
60.927251349966134
76.02207288901653
52.03089501806453
76.13570669227559
76.25024900335129
69.18326957358325
59.84651088954214
39.889680976483525
76.36570149539568
71.73928070466434
69.30098308406967
54.04862416257939
58.73862331830771
55.72270449780207
42.03465611027093
57.36464344161673
42.11958021243893
69.7827519067734
69.90593948489503
42.47658753827529
42.57026555932438
29.966341919134635
69.15755585744525
30.010041074713623
69.28667668103333
44.67709304552572
44.7817304765551
76.83232938991189
76.96164666194008
69.81476506921784
77.0919241664314
69.94970466713842
45.21894927547384
70.08581754799185
68.81037786019917
45.33301889844179
47.34182948724576
30.423139832639684
30.4831660179539
30.545161985755428
77.89381700858881
78.03084647215954
68.35533950539914
49.82873767840616
78.16884417537932
67.61832177430615
33.49694148974333
67.7701220365362
52.340179853471895
33.58825519496344
77.75339700360773
70.54559922741207
33.681907435456765
77.89862964236634
70.69828459862701
78.04486902915076
70.85222629397947
66.87542613541619
54.55264629111173
49.23999376509482
49.391354597189896
34.08065766662367
65.96262449531838
56.73683415001184
49.54492005342875
34.186574904058915
34.29506393491107
78.79118251124765
64.86287611563652
58.72221324262715
78.94347059617131
63.56241098578392
62.05180542969741
60.49532391767316
37.392287070925875
78.44060604517946
37.52774119395739
78.59976658003023
71.69310867934077
71.86660555117064
38.09839961523281
72.04144031011684
38.24848292836403
79.41126660935572
79.57670338444738
41.207288758030266
78.78374660672884
54.24143825281549
41.37808146190822
78.95450354432852
54.43655527176928
42.09292435653307
79.64836638939134
42.27974843725953
79.82453575114485
78.86694747922031
45.09108592117237
79.04778419259227
45.29350661823795
73.35614996580189
73.55381316345341
79.78234165043736
46.13635621419579
79.96877540060115
68.50649339003917
67.03394882460586
62.29294536478659
46.35552553547803
79.0145262618927
60.815081493528716
59.04436557842341
48.91474721126326
64.37494673050135
59.27322052918538
70.56773586140805
59.50451609627017
77.2432314919481
70.78308397436551
79.78761618843365
49.850251905325365
79.98377754327034
78.82980343184738
77.64686676268788
52.31964378045722
50.09253179462891
67.07956493253647
56.69647435247315
52.56590645646787
67.31149077211145
62.45355421288973
62.69689685226432
57.194654377550236
79.63896506442198
78.46927739030482
77.26874680455731
74.76585237870799
73.45829814363543
79.84424627737643
77.48100503105668
74.98529632724788
73.68139229415497
55.69598099561145
53.58328849528329
59.87377091127176
63.69360389507281
74.35988008995145
63.9486261943218
79.5254330562658
74.58910056588711
58.75760328135382
56.75888610019526
60.92653917591516
66.37927931964906
66.63934123287426
61.469057861536264
79.22601233977772
78.02697803176898
75.52117257449537
61.7443613448618
59.85719948001702
78.25510234620906
75.75796668530835
63.815805766979196
64.09192724662755
74.9371162108853
67.70142739256805
62.586465048902255
67.97239267836483
69.79593897056901
79.41578449091122
70.06584728314654
65.22146807944279
79.65189430973895
75.93060119846523
65.51010230759653
74.86516442138654
72.35428035706101
70.88763599151369
67.76432224976752
74.03128191582869
68.05428478911621
79.42663273428957
75.64751672508066
79.67433585986215
74.84075514478441
73.45369145820396
69.23698885105301
69.53833458528217
80.67856705355145
80.93293908525945
71.69003780830961
71.99073386603148
80.53508866397279
80.80062319781037
73.21390830947863
73.52473263781577
75.26077827578553
81.87613620813269
82.14830435078721
80.98047349966184
81.260653251504
77.83151586723235
76.49818366510493
76.81198748988284
80.93071694769743
79.7103746438807
82.3948632547977
79.06331400794524
81.81364873689982
80.92184897504535
