75.09908480473827 79.05625296912562
74.23336270678544 79.70843639738044
73.37102348220876 80.34597784699257
75.80714548586378 78.85488711687182
72.34704081656496 81.43096675119648
71.32586950083474 82.49765758344577
76.36607174900755 79.09922070782422
70.1452700006841 83.9998083767519
70.06502816494218 84.22554497614698
50.38709346635877 94.4330344290008
49.61361157614176 94.69472684069586
76.93963260275464 79.3219884622302
48.73615057548672 95.16828782910109
76.8647116191712 79.54940322676052
50.9563453306273 94.60721790401963
47.75139454386757 95.85272683612395
68.81131589495715 85.9226799396472
51.434587445563736 94.98919938006776
46.656590028243095 96.74590800639969
77.38310019612713 79.9731079954176
77.31160561218954 80.19705498012482
51.72922185350115 95.79559680116654
45.44939995065255 97.84466949666434
67.33383251611716 88.24710981398754
67.25814345726486 88.46484386820721
77.71669345669412 81.03209497243834
44.127735398287676 99.1449677830763
77.64960520541747 81.25136890635649
44.01668786186179 99.36448369662011
51.85730599525043 97.01343293535119
51.76186661245554 97.23078253110582
42.57815582743251 100.85955773675244
42.46694340312187 101.07673257852268
65.65327714180341 91.16369044077143
65.58122291782334 91.37596436818171
77.90460017877429 82.68527607096514
65.50957560232956 91.58776403270868
77.84335927573387 82.89819471536818
51.74849068920095 98.839086202305
51.65743243188479 99.05242414498063
40.79801654201084 102.97550634387744
40.68681194643305 103.18984054117472
77.9444845883302 85.08309750944505
77.89095796116793 85.28766068507576
38.78439290744269 105.47780176500945
77.83791150591173 85.49166917846183
51.186798303948486 101.86183382868244
38.67325247433728 105.68891039225187
51.10195607985484 102.06919468900654
63.20440510424698 96.4698739202837
63.14044861685433 96.67208585177681
63.07688424934494 96.87388476650513
63.01371190506237 97.07527265075616
36.31068762091622 108.76527297361545
36.199796202411434 108.97235517346853
36.08903440708575 109.1791730672838
77.67037856113544 89.29137108511452
77.62921031087272 89.48289925276077
77.5885127234377 89.67392866862718
32.92663264537027 113.60575088143406
32.816238731462114 113.80738081476795
32.70594011352201 114.00878464215104
60.71626922428794 105.18499541338763
60.6701533601809 105.3702420463181
60.62444532868584 105.55514175678677
60.579145928233764 105.73969554265261
54.671425805513316 109.38177849915787
53.70664429966095 109.85354779914583
52.741515228241106 110.31274538271187
55.58418120962953 109.08337382596692
51.71746928041237 110.94735120528223
56.500056617245036 108.7711395211674
50.6899084298393 111.57003273528369
57.32511128493207 108.8124202368567
49.53598121201332 112.55706569432706
58.20626876702452 108.65323080442705
49.414455001422354 112.93230818543303
48.43536619196276 113.34428958135766
59.01167591759571 108.8393873537719
47.20062254102301 114.49508333413763
55.89272442181971 111.14740958281736
59.797300156136984 109.18169013071625
56.838542972836045 110.80965924282673
48.884379491127156 114.607327537227
76.20564778553849 98.1231866725033
49.82700026339326 114.36109032399689
76.18756883791964 98.29228057618555
54.76726187735259 112.19568475106009
47.767919938477974 115.39521661047738
76.16996883958402 98.46094885431087
60.674825727389674 109.14563307481507
57.707520267567155 110.81529396623564
60.64071301867573 109.32184470165734
60.607038882859975 109.4977235937323
50.61776369743486 114.64840129693113
58.55238704095346 110.97865825686804
46.46394428239661 116.72565376695826
58.51689160053369 111.15483777000676
53.49852911109267 113.7721936934508
46.40469026172353 116.90987117278885
53.45454498430034 113.95142480450397
59.35111260602531 111.46783067799733
51.241971653627026 115.63281828254848
59.319872821648445 111.64141618948759
51.195946856034276 115.81202239784979
45.025234921197345 118.41004667664069
44.965917061638336 118.59319718302494
51.96401096641358 116.39894984291726
51.92289079963242 116.57547446527872
60.10298348670496 112.43725557180937
51.88218304164589 116.75171950736527
26.86505362037465 124.5852243036215
26.75854559070073 124.77615554396448
74.94441219720618 102.66948039101487
43.390305919546215 120.62444216414741
26.652080453232543 124.96692806959906
74.93682883941665 102.82944814630903
43.331742445562654 120.80592476360476
60.897886994242846 113.52201156021128
60.87866869188234 113.68797828703872
73.90465473292642 105.47663520237596
41.56194440458818 123.35569015852192
73.90285293794366 105.6319379788044
41.50494384226345 123.53499620554169
73.901560674771 105.78684634129084
41.44827971869688 123.71408228943605
25.71944675148589 128.39699108840293
25.61725283314015 128.58436243297123
25.51510648469511 128.77159164406433
61.72060330315219 115.19266541029332
54.289615155127585 119.3119499518495
72.91816011109262 107.76607578417247
61.709940759418835 115.3532105024554
47.70256898955418 122.54402881295316
72.92072231265242 107.91807150611749
61.69979526574683 115.51342280226679
54.19970386979392 119.97671878690107
53.11041355179036 120.52149675257186
53.08702948513128 120.68788049307364
47.55855791075162 123.22969844073354
53.064135406328475 120.85397724230933
46.40229861276922 123.87124612671315
71.94061081855499 109.41971169268719
48.60901343118938 123.08620996111462
46.36517647405604 124.04270839523866
71.9454959424988 109.57005852339735
55.210247743119396 120.0762325995824
48.57760806713132 123.25552948176642
55.19307706908831 120.23957688864104
25.532453747597337 130.6334360058686
25.434771724276324 130.8185001393744
70.96043898704183 110.90813259198148
52.937201076997354 121.84452480230787
46.18618320826796 124.89628832174282
52.91780771601971 122.00860923722978
46.15172591498551 125.06625794706106
52.89892491953865 122.17240553531255
48.39898772742087 124.26594454080274
46.11772185661415 125.23597869350449
69.96418991845184 112.08679619175224
55.10090502512569 121.21334332600406
48.37087775354817 124.43342919841243
55.08737590285238 121.37458584884669
48.343249365911916 124.60065128323134
39.069539467007736 128.1705022097317
68.95409832674561 113.10747233395975
65.84335060132648 115.21527304726074
55.07437754689974 121.5355271700245
39.018167593795205 128.34534363593576
67.92941652199761 113.9701868991559
66.89139450204438 114.67363891506585
38.967164569406435 128.51997805746925
25.928078537877695 131.9002732025595
38.91653274435529 128.69440559514135
38.8662745048169 128.86862635721093
65.86905814264954 115.96820447290708
65.87588508179152 116.11771852215136
26.66427347486855 132.58580151717496
65.8832788275516 116.26687437301835
62.6981156662567 118.60073997181809
62.70314140398765 118.75160556316692
27.532548940953518 133.06326925801721
62.708744566978744 118.90212631756914
33.589008651966914 131.7417613135287
62.71492766084622 119.05230177711617
62.721693211016415 119.20213146888344
49.184179410691485 126.39283776683577
32.22931208374918 132.42897621893144
28.51856577181978 133.3359913552137
49.166867528067655 126.55498794624094
30.922671026335372 132.92549905963577
29.681229618093486 133.22879334231055
49.150096341293896 126.71686410892869
49.13386923025874 126.87846581854004
56.076941984080996 123.78072220535452
56.07668959336574 123.93476965314744
56.07703153301652 124.08850104106025
56.077971040043444 124.24191575741692
56.07951138111718 124.39501317394468
56.08165585269911 124.54779264570527
32.74770791018841 134.19419597255495
32.69004646877733 134.36806089828323
32.63272222789263 134.54175179579784
67.24971865922484 118.59800486785883
48.98286541926255 128.79609712354136
67.2713216966483 118.73818386758995
48.97403676556947 128.9540835152283
67.29354224439139 118.87798821036125
48.96580368589591 129.1117875474643
51.38326732956194 128.14704275469146
48.958170171259624 129.26920852241938
51.38166445604727 128.30172329282993
48.95114025627998 129.42634572384333
51.380684248029254 128.4561048293412
48.94471801954921 129.5831984169303
51.38033070445317 128.61018656831513
51.38060786456012 128.7639676952702
51.38151980816538 128.917447377031
51.383070655936805 129.07062476160414
51.38526456967332 129.22349897805213
53.81543014915661 128.1854945742309
51.38810575258342 129.37606913636603
51.39159844956338 129.52833432733618
47.66428835058777 131.22679331869213
51.395746947475466 129.68029362242135
46.39367325500406 131.92476841282317
51.40055557542544 129.83194607361636
46.386749627346305 132.08165880172302
55.06054104822357 128.16466030134853
51.40602870503986 129.9832907133178
55.07401285011617 128.31183880696688
51.412170750742504 130.13432655418865
55.088167993899525 128.45868708315984
51.418986170030244 130.28505258902058
51.426479463748066 130.4354677905954
51.43465517636278 130.58557111154443
63.346513513541574 124.22354266906748
52.68563613406234 130.1342999468781
51.44351789623585 130.73536148420646
63.376095378944065 124.36048141743402
52.697793589940446 130.28244106662945
51.45307225589495 130.88483782048428
37.00817583242426 136.65825659175732
63.4063668910865 124.49704615170648
51.46332293230369 131.0339990116994
36.978949004845376 136.82262537984758
63.437331306851 124.63323581196681
51.474274647130215 131.18284392844558
36.95026333226814 136.98677559577115
63.46899190097833 124.76904932235826
36.9221236992317 137.1507065759824
48.950572262717394 132.65920347770304
48.95793534852549 132.80987733975184
45.03392600774517 134.48934048476397
56.490591427144594 129.2641006931717
48.9660077419226 132.96024553176343
45.03212636022244 134.6439902760724
56.514723500092536 129.40591261256907
48.97479463939511 133.11030684981708
45.03101181123448 134.79835871723378
56.5395903284444 129.54737418736568
45.03058786644487 134.9524446722098
56.56519631884108 129.68848413864058
56.59154591090905 129.82924116774385
45.06558966587543 136.47750051707916
45.07314458278032 136.62839728122464
29.10036961752065 141.9119632953994
69.777079697745 123.25948200751623
45.08146137155023 136.7789960317263
29.054120642440868 142.07969622443846
69.82694158092242 123.38248652369668
29.008325102348273 142.24725667040548
69.87752046873563 123.50507408993585
28.96298788412635 142.414644115123
69.92881904106508 123.62724349724601
55.74465605780906 132.29446248614275
28.91811396144938 142.58185802019113
69.98083998228208 123.74899352359012
55.77975868936967 132.43156595741317
28.87370839647472 142.7488978266436
70.03358598096088 123.87032293391557
55.81567948014761 132.56830062864867
37.93712558228486 140.20803627685214
28.829776341574657 142.91576295459498
70.08705972958477 123.99123048018939
37.92820034083566 140.36504191067633
28.786323041107835 143.0824528028791
70.14126392424673 124.1117149014344
37.919991123736246 140.5217933228591
28.743353833231787 143.24896674867838
70.19620126434431 124.23177492376678
28.700874151757652 143.41530414714373
70.25187445226827 124.35140926043508
63.36654417038837 128.8999224037969
55.96764868068473 133.1115180567289
28.65888952804763 143.58146433100487
63.41704319313832 129.02640507304486
56.007738919502586 133.24638358969568
52.08617212673954 135.2168254782452
50.74512884329239 135.8512225271604
28.61740559295695 143.74744661017084
56.04867903229015 133.38087011020164
28.57642807882089 143.91325027132035
50.83981666764171 136.27216175125406
52.2255680608004 135.77098613766793
49.5026292156458 137.04092153986736
53.59983048607047 135.25494913177667
48.170503092956935 137.94287257329717
55.00613880642003 134.85812939290918
65.04237628718697 129.27599944748775
37.87906414513848 142.22886979478005
66.27951885968022 128.63985409980626
46.83742687551171 138.9808102087922
63.96692186045164 130.26847035867112
56.456289195486846 134.57389173486717
45.41818796312717 139.72593686707708
36.316771167243004 143.05389741009503
57.80295619382467 134.0096281746166
45.444098431485706 139.86989678470056
52.54718445048178 136.8616015609535
51.171998301999736 137.51550689971248
67.69505368246661 128.34474708102047
62.934359938140595 131.37807139360604
53.949771944855804 136.32960823257338
49.81543147517929 138.29601801409797
34.709210953541806 144.02566750160602
62.99525355601359 131.5000535259363
45.527385403558974 140.29974742237744
58.019167955659896 134.52179433250168
55.44226105919891 136.04397758960997
48.50819215314377 139.34555512550818
63.18319233095767 131.86341688224937
33.042694797909334 145.14722393702505
27.994765494629636 146.5411377435939
63.24760584553682 131.98367065874456
59.48276315657414 134.18610613092318
33.032944544350336 145.30409944714137
27.963383157695205 146.7037710394924
69.25447631001036 128.25106681933573
59.543704551750466 134.31032414045606
27.932630345591093 146.86620837042184
69.32517900728224 128.3638332389058
59.605581460437946 134.43411523051432
47.20613538377926 140.52944464721045
27.902515165751367 147.02844848832612
71.66833932372501 126.87290202701189
57.05454807993255 135.98809465707177
47.245494948384085 140.66807364471714
27.873045878341042 147.1904901111478
71.74168461041255 126.98236155651352
27.84423089950989 147.35233192213343
71.81583058298834 127.09136078596973
27.81607880472509 147.51397256912142
71.89077989927875 127.19989812419952
31.27784566632569 146.73633903933097
27.7885983321844 147.6754106638113
71.96653520977948 127.30797196875017
27.761798386311803 147.83664478101417
72.0430991571669 127.41558070598603
27.73568804133812 147.99767345788393
72.12047437580243 127.52272271117928
27.71027654496815 148.15849519312872
72.19866349122944 127.62939634860342
27.6855733221372 148.31910844620185
72.2776691196635 127.73559997162891
72.35749386747518 127.84133192282155
71.30578632164354 128.76403169298135
59.035661989213025 136.50288460830384
46.167005544106836 142.67534631235057
71.38697234711634 128.87000814615072
59.10759276801311 136.62297893509657
46.214081520697846 142.81174204790787
71.46900280200116 128.97550872137865
46.26226879266804 142.94774893951455
29.379712285059032 148.95363400609514
29.369796097982064 149.11027249500071
29.36075362235189 149.26666544684886
66.13959142909133 133.73169208582854
67.5373902658781 133.1536497343326
66.31418372434675 133.94766515148024
67.6267484306059 133.25949438983568
38.49799356340365 147.5701499912247
36.726998516679714 148.1591441371513
38.534771849649744 147.71245311983677
67.90059107213459 133.57405685139702
38.57276683499044 147.8543912930689
36.78862621855874 148.44812098790058
34.97099566185598 149.02656338459127
73.84230666698592 129.56495309272987
67.9938071631253 133.67791306630647
34.99644198881305 149.17295228282367
73.93730674799637 129.66189986909555
47.12557333389804 144.9391132663328
74.03317285930751 129.7583415794523
47.19299003496322 145.06847414125158
74.12990729092031 129.85427637502733
47.26170430640206 145.19739083059898
74.22751231051102 129.94970239893962
35.11023225273094 149.75510682317656
35.14175899672834 149.8997776966609
68.77490218249618 134.49047227181063
37.12734298332705 149.7307031929342
70.08564019726732 133.76900785509068
68.87701443503283 134.5897210942091
37.17149146553361 149.8713392515007
70.18890329661224 133.86636484803995
68.98013315658143 134.68844628038383
61.25436826404967 139.47148298553344
70.29315018203351 133.9631962284395
61.35489870420612 139.5789443965732
70.39838401173195 134.0594997014725
61.456612395496805 139.685881017442
37.36188368923029 150.4299524756553
37.413018565829496 150.56860186297624
69.51094605484704 135.17413375600023
49.83886739184337 146.00093130999605
69.62017656433964 135.26966661780386
49.929165316289094 146.12145602887438
69.73043760567641 135.36465890288267
39.54596439208613 150.47690131152265
75.7975239303574 131.31875463097288
60.816786621750346 141.20576778563998
75.90934588367229 131.40578181902472
60.927251349966134 141.31014036465768
76.02207288901653 131.49226759679945
52.03089501806453 145.98535194769488
76.13570669227559 131.57820999222642
76.25024900335129 131.6636070287571
69.18326957358325 136.75668668413525
59.84651088954214 142.4058367825918
39.889680976483525 151.14147710660004
76.36570149539568 131.74845672559022
71.73928070466434 135.17311583553231
69.30098308406967 136.84922898546068
54.04862416257939 145.69364664298698
58.73862331830771 143.49994737562398
55.72270449780207 145.0444744139619
42.03465611027093 150.85715193117625
57.36464344161673 144.38229584543527
42.11958021243893 150.98444592151685
69.7827519067734 137.2137483592766
69.90593948489503 137.30345235875822
42.47658753827529 151.4884814865702
42.57026555932438 151.6131770959087
29.966341919134635 155.57554056748674
69.15755585744525 138.4981905021387
30.010041074713623 155.7184005095997
69.28667668103333 138.58642392772413
44.67709304552572 151.14929653904173
44.7817304765551 151.2695671627068
76.83232938991189 133.6807273012405
76.96164666194008 133.75882654788472
69.81476506921784 138.93340651995962
77.0919241664314 133.83634444463993
69.94970466713842 139.01864989385987
45.21894927547384 151.74491758075038
70.08581754799185 139.10328653519719
68.81037786019917 139.94947329408927
45.33301889844179 151.8622915172149
47.34182948724576 151.23747420074614
30.423139832639684 156.8459460621724
30.4831660179539 156.98487526142452
30.545161985755428 157.1233339504019
77.89381700858881 134.28912447613533
78.03084647215954 134.36251342685958
68.35533950539914 141.30286907849333
49.82873767840616 151.0338480282226
78.16884417537932 134.43530403455026
67.61832177430615 142.48271202628695
33.49694148974333 157.39025665790624
67.7701220365362 142.56494974306054
52.340179853471895 150.77938064652545
33.58825519496344 157.52076245456175
77.75339700360773 135.68188971610238
70.54559922741207 140.93408207754217
33.681907435456765 157.65069417330392
77.89862964236634 135.7521416302141
70.69828459862701 141.01197815107773
78.04486902915076 135.82177470426052
70.85222629397947 141.0892204334551
66.87542613541619 143.6596416078918
54.55264629111173 150.28177895660605
49.23999376509482 152.76648219343252
49.391354597189896 152.87061999863627
34.08065766662367 158.16450014536616
65.96262449531838 144.75312313630423
56.73683415001184 149.75678269728687
49.54492005342875 152.97404362552587
34.186574904058915 158.29142481740107
34.29506393491107 158.41771948222285
78.79118251124765 136.160579912762
64.86287611563652 145.76457286134547
58.72221324262715 149.1166701493488
78.94347059617131 136.22645347659912
63.56241098578392 146.6932071475903
62.05180542969741 147.5358012971775
60.49532391767316 148.3733338113094
37.392287070925875 158.2864127576112
78.44060604517946 137.3839398781299
37.52774119395739 158.40464168099032
78.59976658003023 137.44768485097103
71.69310867934077 142.91262081595912
71.86660555117064 142.98175288646152
38.09839961523281 158.87017873690334
72.04144031011684 143.05017566210478
38.24848292836403 158.9846623970437
79.41126660935572 137.75657696013718
79.57670338444738 137.81637301291184
41.207288758030266 158.52503523067963
78.78374660672884 138.83999932961547
54.24143825281549 153.68806684159554
41.37808146190822 158.63234161708047
78.95450354432852 138.89883047487746
54.43655527176928 153.77550491917117
42.09292435653307 159.05301524992592
79.64836638939134 139.12731751110934
42.27974843725953 159.1559857652381
79.82453575114485 139.18271836055953
78.86694747922031 140.14729330126437
45.09108592117237 158.52376414556363
79.04778419259227 140.2023283269719
45.29350661823795 158.6202437126598
73.35614996580189 144.82988473029226
73.55381316345341 144.8885519979395
79.78234165043736 140.41536957199486
46.13635621419579 158.99662967886866
79.96877540060115 140.4668434337293
68.50649339003917 148.5850274929093
67.03394882460586 149.47406863331778
62.29294536478659 152.1263672673678
46.35552553547803 159.08828303987596
79.0145262618927 141.4315383721592
60.815081493528716 153.07676990064
59.04436557842341 153.95569798701325
48.91474721126326 158.31463575522957
64.37494673050135 151.37822636331586
59.27322052918538 154.02820989676164
70.56773586140805 147.87240937111628
59.50451609627017 154.09978209411594
77.2432314919481 143.40832932387153
70.78308397436551 147.9303913657367
79.78761618843365 141.6312332965666
49.850251905325365 158.65335076167645
79.98377754327034 141.67930683922089
78.82980343184738 142.5955590444754
77.64686676268788 143.50934005347025
52.31964378045722 157.8528699999913
50.09253179462891 158.73543426792514
67.07956493253647 150.79969963656265
56.69647435247315 156.15617011872394
52.56590645646787 157.93080534228017
67.31149077211145 150.85886600987538
62.45355421288973 153.54930352562852
62.69689685226432 153.6130113876725
57.194654377550236 156.2980263437342
79.63896506442198 142.78424518334057
78.46927739030482 143.70209351641464
77.26874680455731 144.6177680214749
74.76585237870799 146.4429665141072
73.45829814363543 147.35267689817667
79.84424627737643 142.82950478562162
77.48100503105668 144.66504635375716
74.98529632724788 146.49249451062914
73.68139229415497 147.40342800555928
55.69598099561145 157.3339830513945
53.58328849528329 158.23190197739936
59.87377091127176 155.60199839436893
63.69360389507281 153.85809358560428
74.35988008995145 147.55059207933772
63.9486261943218 153.9168952794141
79.5254330562658 143.92544336580252
74.58910056588711 147.597939047922
58.75760328135382 156.69855444703023
56.75888610019526 157.60673709412825
60.92653917591516 155.85142568898692
66.37927931964906 153.17527422034655
66.63934123287426 153.22830482615464
61.469057861536264 155.96978726220655
79.22601233977772 145.01431191909938
78.02697803176898 145.93718217253007
75.52117257449537 147.77870019690243
61.7443613448618 156.02735412710192
59.85719948001702 156.9440352850632
78.25510234620906 145.9781301474842
75.75796668530835 147.8217177472586
63.815805766979196 155.16589010771347
64.09192724662755 155.2193495710085
74.9371162108853 148.8273858723694
67.70142739256805 153.43038438283384
62.586465048902255 156.19351205329303
67.97239267836483 153.47836717177597
69.79593897056901 152.60220732859662
79.41578449091122 146.1702398168472
70.06584728314654 152.64669872575504
65.22146807944279 155.42242223519344
79.65189430973895 146.2061181419334
75.93060119846523 148.98775575114706
65.51010230759653 155.47046798883454
74.86516442138654 149.95250188129586
72.35428035706101 151.84600091117167
70.88763599151369 152.77410971110314
67.76432224976752 154.63239988909055
74.03128191582869 150.95624872217385
68.05428478911621 154.67558352135396
79.42663273428957 147.27251832078431
75.64751672508066 150.06344589476592
79.67433585986215 147.30490188735524
74.84075514478441 151.06457590263142
73.45369145820396 151.99681829467642
69.23698885105301 154.83741395490676
69.53833458528217 154.87512103754173
80.67856705355145 147.42556506776586
80.93293908525945 147.45350216695877
71.69003780830961 154.00710068876128
71.99073386603148 154.0403027607066
80.53508866397279 148.4694968374205
80.80062319781037 148.49448617166942
73.21390830947863 154.16219484605762
73.52473263781577 154.1899208669085
75.26077827578553 153.27127410390145
81.87613620813269 148.58516287919684
82.14830435078721 148.60550289767065
80.98047349966184 149.5467686541369
81.260653251504 149.5667135855728
77.83151586723235 152.4170689775525
76.49818366510493 153.36348944807506
76.81198748988284 153.38383856159345
80.93071694769743 150.56462921448195
79.7103746438807 151.50939480183465
82.3948632547977 149.63685793367026
79.06331400794524 152.4895527468821
81.81364873689982 150.6113071222296
80.92184897504535 151.5714630991676
