75 79
74 80
73 80
76 79
72 81
71 82
70 84
50 94
50 95
77 79
49 95
77 80
51 95
48 96
69 86
47 97
52 96
45 98
67 88
78 81
44 99
52 97
43 101
42 101
66 91
78 83
66 92
52 99
41 103
78 85
39 105
51 102
39 106
63 96
63 97
36 109
78 89
78 90
33 114
61 105
61 106
55 109
54 110
53 110
56 109
52 111
57 109
51 112
50 113
58 109
49 113
48 113
59 109
47 114
56 111
60 109
57 111
49 115
76 98
50 114
55 112
48 115
61 109
58 111
51 115
59 111
46 117
53 114
51 116
59 112
45 118
45 119
52 116
52 117
60 112
27 125
75 103
43 121
61 114
74 105
42 123
74 106
42 124
41 124
26 128
26 129
62 115
54 119
73 108
48 123
62 116
54 120
53 121
46 124
72 109
49 123
72 110
55 120
26 131
25 131
71 111
53 122
46 125
48 124
70 112
55 121
48 125
39 128
69 113
66 115
55 122
68 114
67 115
39 129
26 132
66 116
27 133
63 119
28 133
34 132
49 126
32 132
29 133
49 127
31 133
30 133
56 124
56 125
33 134
33 135
67 119
49 129
51 128
49 130
51 129
54 128
51 130
48 131
46 132
55 128
51 131
63 124
53 130
37 137
63 125
49 133
45 134
56 129
45 135
57 129
57 130
45 136
45 137
29 142
70 123
70 124
56 132
29 143
56 133
38 140
38 141
63 129
29 144
52 135
51 136
52 136
50 137
54 135
48 138
55 135
65 129
38 142
66 129
47 139
64 130
56 135
45 140
36 143
58 134
53 137
51 138
68 128
63 131
54 136
50 138
35 144
63 132
46 140
58 135
55 136
49 139
33 145
28 147
59 134
69 128
60 134
47 141
72 127
57 136
28 148
31 147
72 128
71 129
59 137
46 143
29 149
66 134
68 133
38 148
37 148
39 148
68 134
35 149
74 130
47 145
35 150
69 134
37 150
70 134
69 135
61 139
61 140
37 151
70 135
50 146
40 150
76 131
61 141
52 146
76 132
69 137
60 142
40 151
72 135
54 146
59 143
56 145
42 151
57 144
70 137
43 152
30 156
69 138
69 139
45 151
77 134
70 139
45 152
69 140
47 151
30 157
31 157
78 134
68 141
50 151
68 142
33 157
68 143
52 151
34 158
78 136
71 141
67 144
55 150
49 153
66 145
57 150
50 153
79 136
65 146
59 149
64 147
62 148
60 148
37 158
78 137
38 158
79 137
72 143
38 159
79 138
80 138
41 159
79 139
54 154
42 159
80 139
79 140
45 159
73 145
74 145
80 140
46 159
69 149
67 149
62 152
79 141
61 153
59 154
49 158
64 151
71 148
60 154
77 143
80 142
50 159
79 143
78 144
52 158
67 151
57 156
53 158
62 154
63 154
80 143
77 145
75 146
73 147
74 147
56 157
54 158
60 156
64 154
74 148
80 144
75 148
59 157
57 158
61 156
66 153
67 153
79 145
78 146
76 148
62 156
60 157
64 155
75 149
68 153
63 156
70 153
79 146
65 155
80 146
76 149
66 155
75 150
72 152
71 153
68 155
74 151
79 147
76 150
80 147
75 151
73 152
69 155
70 155
81 147
72 154
81 148
73 154
74 154
75 153
82 149
81 150
78 152
76 153
77 153
81 151
80 152
82 150
79 152
82 151
81 152
